// 문제별 input 정리
// 필요한 input을 복사해서 input.txt에 넣고 실행하세요

(list1)
-----min_max-----
3
5
477162 658880 751280 927930 297191
5
565469 851600 460874 148692 111090
10
784386 279993 982220 996285 614710 992232 195265 359810 919192 158175
-----전기버스-----
3
3 10 5
1 3 5 7 9
3 10 5
1 3 7 8 9
5 20 5
4 7 9 14 17
-----숫자카드-----
3
5
49679
5
08271
10
7797946543
-----구간합-----
3
10 3
1 2 3 4 5 6 7 8 9 10
10 5
6262 6004 1801 7660 7919 1280 525 9798 5134 1821
20 19
3266 9419 3087 9001 9321 1341 7379 6236 5795 8910 2990 2152 2249 4059 1394 6871 4911 3648 1969 2176